1870   -0.02  -0.02  -0.01  -0.01  -0.01  -0.01  -0.01  -0.01  -0.01  -0.01  -0.01  -0.01
1871   -0.01  -0.01  -0.01  -0.01  -0.01  -0.01  -0.01  -0.01  -0.01   0.00   0.00   0.00
1872    0.00   0.00   0.00   0.00   0.00   0.00   0.00   0.00   0.00   0.00   0.00   0.00
1873    0.00   0.00   0.00   0.01   0.01   0.01   0.02   0.02   0.02   0.02   0.02   0.02
1874    0.03   0.03   0.03   0.03   0.03   0.03   0.03   0.03   0.02   0.02   0.02   0.03
1875    0.03   0.03   0.02   0.02   0.02   0.02   0.02   0.02   0.02   0.02   0.02   0.02
1876    0.02   0.02   0.02   0.02   0.02   0.02   0.02   0.02   0.02   0.02   0.02   0.02
1877    0.02   0.02   0.02   0.02   0.02   0.02   0.02   0.02   0.01   0.01   0.01   0.01
1878    0.01   0.01   0.01   0.01   0.01   0.01   0.01   0.01   0.01   0.01   0.00   0.00
1879    0.00   0.00   0.00   0.00   0.00   0.00   0.00  -0.01  -0.01  -0.01  -0.01  -0.01
1880   -0.01  -0.01  -0.01  -0.01  -0.02  -0.02  -0.02  -0.02  -0.02  -0.02  -0.02  -0.02
1881   -0.02  -0.02  -0.02  -0.02  -0.02  -0.02  -0.01  -0.01  -0.02  -0.02  -0.02  -0.02
1882   -0.02  -0.02  -0.02  -0.02  -0.02  -0.02  -0.02  -0.02  -0.02  -0.01  -0.01  -0.01
1883   -0.01  -0.01   0.00   0.00  -0.01  -0.01  -0.01  -0.01  -0.01  -0.02  -0.02  -0.02
1884   -0.03  -0.03  -0.03  -0.02  -0.02  -0.02  -0.02  -0.02  -0.02  -0.02  -0.02  -0.02
1885   -0.02  -0.02  -0.02  -0.02  -0.02  -0.02  -0.02  -0.02  -0.02  -0.02  -0.02  -0.02
1886   -0.02  -0.02  -0.02  -0.02  -0.02  -0.02  -0.02  -0.02  -0.02  -0.02  -0.02  -0.02
1887   -0.02  -0.02  -0.02  -0.01  -0.01  -0.01  -0.01  -0.01  -0.01  -0.01  -0.01  -0.01
1888   -0.01  -0.01  -0.01   0.00   0.00   0.00   0.00   0.01   0.01   0.01   0.02   0.02
1889    0.02   0.02   0.02   0.02   0.02   0.02   0.02   0.02   0.02   0.01   0.02   0.02
1890    0.02   0.02   0.02   0.02   0.02   0.02   0.02   0.01   0.01   0.02   0.02   0.02
1891    0.02   0.02   0.01   0.01   0.01   0.01   0.01   0.01   0.01   0.01   0.01   0.01
1892    0.00   0.00   0.01   0.01   0.01   0.01   0.00   0.00   0.00   0.00   0.00   0.00
1893   -0.01  -0.01  -0.01  -0.01  -0.01  -0.01  -0.01   0.00   0.00   0.00   0.00   0.00
1894    0.00   0.00   0.00   0.00   0.00   0.00   0.00   0.00   0.00   0.00   0.00   0.00
1895    0.00   0.00   0.01   0.01   0.01   0.00   0.00   0.00   0.01   0.01   0.01   0.01
1896    0.01   0.01   0.01   0.01   0.01   0.01   0.01   0.01   0.01   0.01   0.01   0.01
1897    0.01   0.01   0.01   0.01   0.01   0.01   0.00   0.00   0.00   0.00   0.00   0.00
1898    0.00   0.00   0.00   0.00   0.00  -0.01  -0.01  -0.01  -0.02  -0.02  -0.03  -0.03
1899   -0.03  -0.03  -0.03  -0.03  -0.03  -0.03  -0.03  -0.03  -0.03  -0.03  -0.03  -0.03
1900   -0.03  -0.03  -0.03  -0.03  -0.03  -0.03  -0.03  -0.03  -0.04  -0.04  -0.04  -0.04
1901   -0.04  -0.04  -0.04  -0.04  -0.04  -0.04  -0.04  -0.04  -0.04  -0.04  -0.04  -0.04
1902   -0.04  -0.04  -0.04  -0.04  -0.04  -0.04  -0.04  -0.04  -0.04  -0.04  -0.04  -0.04
1903   -0.04  -0.04  -0.04  -0.04  -0.04  -0.04  -0.04  -0.04  -0.05  -0.05  -0.05  -0.05
1904   -0.05  -0.05  -0.05  -0.05  -0.05  -0.05  -0.05  -0.05  -0.05  -0.05  -0.05  -0.05
1905   -0.05  -0.05  -0.06  -0.06  -0.06  -0.06  -0.06  -0.06  -0.06  -0.05  -0.05  -0.05
1906   -0.05  -0.05  -0.05  -0.05  -0.06  -0.06  -0.06  -0.06  -0.06  -0.06  -0.06  -0.06
1907   -0.06  -0.06  -0.06  -0.06  -0.06  -0.06  -0.06  -0.06  -0.06  -0.06  -0.06  -0.06
1908   -0.06  -0.06  -0.07  -0.07  -0.07  -0.07  -0.07  -0.07  -0.07  -0.07  -0.07  -0.07
1909   -0.06  -0.07  -0.07  -0.07  -0.07  -0.07  -0.07  -0.07  -0.07  -0.07  -0.07  -0.07
1910   -0.07  -0.07  -0.07  -0.07  -0.07  -0.07  -0.06  -0.06  -0.06  -0.06  -0.06  -0.05
1911   -0.05  -0.05  -0.05  -0.05  -0.05  -0.05  -0.05  -0.05  -0.05  -0.05  -0.05  -0.05
1912   -0.05  -0.05  -0.05  -0.05  -0.05  -0.05  -0.05  -0.05  -0.05  -0.05  -0.05  -0.05
1913   -0.05  -0.05  -0.05  -0.05  -0.05  -0.05  -0.05  -0.06  -0.06  -0.06  -0.06  -0.07
1914   -0.07  -0.07  -0.07  -0.07  -0.07  -0.08  -0.08  -0.08  -0.08  -0.08  -0.08  -0.08
1915   -0.09  -0.09  -0.09  -0.09  -0.09  -0.10  -0.10  -0.10  -0.10  -0.10  -0.10  -0.11
1916   -0.11  -0.11  -0.11  -0.11  -0.11  -0.11  -0.11  -0.12  -0.12  -0.12  -0.12  -0.12
1917   -0.12  -0.11  -0.11  -0.11  -0.11  -0.11  -0.12  -0.12  -0.12  -0.11  -0.11  -0.11
1918   -0.11  -0.11  -0.11  -0.12  -0.12  -0.11  -0.11  -0.11  -0.11  -0.11  -0.11  -0.11
1919   -0.10  -0.10  -0.10  -0.10  -0.09  -0.09  -0.09  -0.09  -0.09  -0.08  -0.08  -0.08
1920   -0.08  -0.08  -0.08  -0.08  -0.08  -0.08  -0.08  -0.08  -0.08  -0.08  -0.08  -0.08
1921   -0.08  -0.08  -0.08  -0.08  -0.08  -0.08  -0.08  -0.08  -0.08  -0.08  -0.08  -0.08
1922   -0.08  -0.08  -0.08  -0.07  -0.07  -0.07  -0.07  -0.06  -0.06  -0.06  -0.05  -0.05
1923   -0.05  -0.05  -0.05  -0.05  -0.05  -0.05  -0.05  -0.04  -0.04  -0.04  -0.04  -0.03
1924   -0.03  -0.03  -0.03  -0.03  -0.03  -0.03  -0.02  -0.02  -0.02  -0.02  -0.02  -0.02
1925   -0.02  -0.02  -0.01  -0.01  -0.01  -0.01  -0.01   0.00   0.00   0.00   0.00   0.01
1926    0.01   0.01   0.02   0.02   0.02   0.03   0.03   0.03   0.03   0.03   0.04   0.04
1927    0.04   0.04   0.04   0.05   0.05   0.05   0.06   0.06   0.07   0.07   0.07   0.07
1928    0.08   0.08   0.08   0.09   0.09   0.09   0.10   0.10   0.10   0.11   0.11   0.11
1929    0.11   0.11   0.11   0.11   0.11   0.11   0.11   0.11   0.12   0.12   0.12   0.12
1930    0.12   0.12   0.12   0.12   0.12   0.13   0.13   0.13   0.13   0.13   0.13   0.13
1931    0.13   0.13   0.13   0.14   0.14   0.14   0.14   0.14   0.14   0.14   0.14   0.14
1932    0.14   0.14   0.14   0.14   0.14   0.14   0.14   0.15   0.15   0.15   0.15   0.15
1933    0.15   0.15   0.15   0.16   0.16   0.16   0.16   0.16   0.16   0.16   0.16   0.17
1934    0.17   0.17   0.17   0.17   0.17   0.17   0.17   0.17   0.17   0.17   0.17   0.17
1935    0.17   0.17   0.17   0.17   0.17   0.17   0.17   0.17   0.17   0.17   0.17   0.16
1936    0.16   0.16   0.16   0.16   0.16   0.15   0.15   0.15   0.15   0.14   0.14   0.14
1937    0.14   0.14   0.14   0.13   0.13   0.13   0.13   0.13   0.13   0.13   0.13   0.13
1938    0.13   0.13   0.13   0.12   0.12   0.12   0.11   0.11   0.11   0.10   0.10   0.10
1939    0.10   0.10   0.10   0.11   0.11   0.11   0.11   0.10   0.10   0.11   0.11   0.11
1940    0.11   0.11   0.11   0.11   0.11   0.11   0.11   0.10   0.10   0.10   0.10   0.10
1941    0.10   0.10   0.10   0.10   0.10   0.10   0.09   0.09   0.09   0.09   0.09   0.09
1942    0.09   0.09   0.09   0.09   0.08   0.08   0.07   0.07   0.06   0.06   0.06   0.06
1943    0.06   0.06   0.06   0.06   0.05   0.05   0.05   0.05   0.05   0.04   0.04   0.04
1944    0.04   0.04   0.04   0.04   0.04   0.04   0.04   0.04   0.04   0.04   0.04   0.04
1945    0.04   0.04   0.04   0.04   0.04   0.05   0.05   0.05   0.05   0.05   0.05   0.05
1946    0.05   0.06   0.06   0.06   0.06   0.07   0.07   0.07   0.08   0.08   0.08   0.08
1947    0.08   0.08   0.08   0.08   0.08   0.08   0.09   0.09   0.09   0.09   0.09   0.09
1948    0.09   0.09   0.09   0.10   0.10   0.10   0.11   0.11   0.11   0.11   0.12   0.12
1949    0.12   0.12   0.12   0.11   0.11   0.11   0.12   0.12   0.12   0.12   0.12   0.12
1950    0.12   0.12   0.12   0.12   0.12   0.12   0.13   0.13   0.13   0.14   0.14   0.14
1951    0.15   0.15   0.15   0.15   0.15   0.15   0.15   0.15   0.15   0.15   0.15   0.15
1952    0.15   0.15   0.15   0.15   0.14   0.15   0.15   0.15   0.15   0.15   0.15   0.15
1953    0.15   0.15   0.15   0.15   0.15   0.16   0.16   0.16   0.16   0.16   0.16   0.15
1954    0.15   0.15   0.15   0.15   0.15   0.15   0.14   0.14   0.14   0.14   0.14   0.14
1955    0.14   0.14   0.14   0.14   0.14   0.15   0.15   0.15   0.15   0.15   0.15   0.15
1956    0.15   0.15   0.15   0.15   0.15   0.15   0.14   0.14   0.14   0.14   0.14   0.14
1957    0.14   0.14   0.15   0.15   0.15   0.14   0.14   0.14   0.13   0.13   0.13   0.13
1958    0.13   0.13   0.13   0.13   0.13   0.12   0.12   0.12   0.12   0.11   0.11   0.11
1959    0.11   0.11   0.11   0.11   0.11   0.11   0.10   0.10   0.10   0.10   0.10   0.10
1960    0.10   0.10   0.10   0.09   0.09   0.09   0.09   0.08   0.08   0.07   0.07   0.06
1961    0.06   0.06   0.06   0.06   0.06   0.06   0.06   0.05   0.05   0.06   0.06   0.06
1962    0.06   0.06   0.06   0.06   0.06   0.06   0.06   0.06   0.06   0.06   0.06   0.06
1963    0.06   0.06   0.06   0.06   0.06   0.05   0.05   0.05   0.05   0.04   0.04   0.04
1964    0.04   0.04   0.04   0.04   0.04   0.04   0.04   0.04   0.04   0.04   0.04   0.04
1965    0.04   0.03   0.03   0.03   0.03   0.03   0.03   0.02   0.02   0.02   0.02   0.01
1966    0.01   0.01   0.01   0.01   0.00   0.00   0.00   0.00   0.00   0.00   0.00  -0.01
1967   -0.01  -0.01  -0.02  -0.02  -0.03  -0.03  -0.04  -0.04  -0.04  -0.05  -0.05  -0.06
1968   -0.06  -0.07  -0.07  -0.08  -0.08  -0.08  -0.08  -0.08  -0.08  -0.08  -0.08  -0.08
1969   -0.08  -0.08  -0.08  -0.09  -0.09  -0.09  -0.10  -0.10  -0.10  -0.11  -0.11  -0.11
1970   -0.11  -0.12  -0.12  -0.12  -0.12  -0.12  -0.12  -0.12  -0.12  -0.12  -0.12  -0.12
1971   -0.12  -0.12  -0.12  -0.12  -0.13  -0.13  -0.13  -0.13  -0.13  -0.13  -0.14  -0.14
1972   -0.14  -0.15  -0.15  -0.15  -0.16  -0.15  -0.15  -0.15  -0.15  -0.16  -0.16  -0.16
1973   -0.16  -0.16  -0.16  -0.16  -0.16  -0.16  -0.17  -0.16  -0.16  -0.16  -0.16  -0.16
1974   -0.16  -0.16  -0.17  -0.17  -0.17  -0.17  -0.17  -0.17  -0.17  -0.17  -0.17  -0.17
1975   -0.17  -0.17  -0.17  -0.17  -0.17  -0.17  -0.17  -0.17  -0.17  -0.17  -0.17  -0.17
1976   -0.17  -0.17  -0.16  -0.16  -0.16  -0.16  -0.16  -0.16  -0.16  -0.16  -0.16  -0.16
1977   -0.16  -0.16  -0.15  -0.15  -0.15  -0.15  -0.15  -0.15  -0.15  -0.15  -0.15  -0.15
1978   -0.15  -0.15  -0.14  -0.14  -0.14  -0.14  -0.14  -0.14  -0.14  -0.14  -0.14  -0.14
1979   -0.14  -0.14  -0.14  -0.14  -0.14  -0.14  -0.14  -0.14  -0.14  -0.13  -0.13  -0.13
1980   -0.13  -0.14  -0.14  -0.14  -0.14  -0.14  -0.14  -0.14  -0.14  -0.15  -0.15  -0.15
1981   -0.15  -0.16  -0.16  -0.16  -0.16  -0.16  -0.16  -0.16  -0.16  -0.17  -0.17  -0.17
1982   -0.17  -0.17  -0.17  -0.16  -0.16  -0.16  -0.16  -0.16  -0.16  -0.16  -0.16  -0.16
1983   -0.16  -0.16  -0.16  -0.16  -0.16  -0.16  -0.16  -0.15  -0.15  -0.15  -0.15  -0.15
1984   -0.15  -0.15  -0.15  -0.15  -0.15  -0.15  -0.15  -0.15  -0.15  -0.15  -0.15  -0.15
1985   -0.15  -0.15  -0.15  -0.15  -0.16  -0.16  -0.16  -0.16  -0.16  -0.16  -0.16  -0.16
1986   -0.16  -0.16  -0.16  -0.17  -0.17  -0.17  -0.18  -0.18  -0.18  -0.18  -0.18  -0.18
1987   -0.18  -0.19  -0.19  -0.19  -0.19  -0.19  -0.19  -0.19  -0.19  -0.19  -0.19  -0.19
1988   -0.18  -0.18  -0.18  -0.18  -0.18  -0.19  -0.19  -0.19  -0.19  -0.19  -0.19  -0.19
1989   -0.20  -0.20  -0.20  -0.20  -0.20  -0.20  -0.20  -0.20  -0.20  -0.20  -0.20  -0.20
1990   -0.20  -0.20  -0.19  -0.19  -0.19  -0.18  -0.18  -0.18  -0.18  -0.18  -0.17  -0.17
1991   -0.17  -0.17  -0.16  -0.16  -0.16  -0.16  -0.16  -0.16  -0.15  -0.15  -0.15  -0.14
1992   -0.14  -0.14  -0.14  -0.14  -0.14  -0.14  -0.14  -0.14  -0.15  -0.15  -0.15  -0.14
1993   -0.14  -0.14  -0.14  -0.14  -0.13  -0.13  -0.13  -0.13  -0.13  -0.13  -0.13  -0.12
1994   -0.12  -0.12  -0.12  -0.12  -0.11  -0.11  -0.11  -0.11  -0.11  -0.10  -0.10  -0.10
1995   -0.10  -0.09  -0.09  -0.09  -0.09  -0.08  -0.08  -0.08  -0.08  -0.08  -0.08  -0.08
1996   -0.08  -0.08  -0.08  -0.08  -0.07  -0.07  -0.07  -0.06  -0.06  -0.06  -0.05  -0.05
1997   -0.05  -0.04  -0.04  -0.04  -0.04  -0.04  -0.04  -0.04  -0.04  -0.04  -0.03  -0.03
1998   -0.03  -0.03  -0.03  -0.03  -0.03  -0.02  -0.02  -0.01  -0.01  -0.01   0.00   0.00
1999    0.01   0.01   0.01   0.02   0.02   0.02   0.02   0.03   0.03   0.03   0.04   0.04
2000    0.04   0.04   0.04   0.04   0.05   0.05   0.05   0.05   0.05   0.05   0.05   0.06
2001    0.06   0.06   0.06   0.06   0.06   0.07   0.07   0.07   0.08   0.08   0.08   0.08
2002    0.09   0.09   0.09   0.09   0.09   0.09   0.09   0.09   0.10   0.10   0.10   0.11
2003    0.11   0.11   0.12   0.12   0.12   0.12   0.12   0.12   0.12   0.12   0.12   0.12
2004    0.12   0.12   0.11   0.11   0.11   0.11   0.11   0.10   0.10   0.10   0.10   0.10
2005    0.10   0.10   0.10   0.10   0.10   0.10   0.11   0.11   0.11   0.11   0.12   0.12
2006    0.12   0.13   0.13   0.13   0.13   0.13   0.13   0.13   0.13   0.13   0.13   0.13
2007    0.13   0.13   0.13   0.13   0.13   0.14   0.14   0.15   0.15   0.15   0.15   0.16
2008    0.16   0.16   0.16   0.16   0.16   0.16   0.16   0.16   0.16   0.16   0.16   0.16
2009    0.16   0.16   0.16   0.15   0.15   0.15   0.15   0.15   0.15   0.15   0.15   0.15
2010    0.15   0.15   0.14   0.14   0.14   0.13   0.13   0.12   0.12   0.12   0.12   0.11
2011    0.11   0.11   0.11   0.10   0.10   0.10   0.10   0.10   0.10   0.09   0.09   0.09
2012    0.09   0.09   0.09   0.09   0.09   0.09   0.09   0.09   0.09   0.09   0.09   0.09
2013    0.09   0.09   0.09   0.08   0.08   0.08   0.07   0.07   0.07   0.07   0.06   0.06
2014    0.06   0.06   0.06   0.06   0.06   0.06   0.06   0.06   0.06   0.06   0.06   0.06
2015    0.06   0.07   0.07   0.07   0.06   0.06   0.06   0.06   0.06   0.05   0.05   0.05
2016    0.05   0.05   0.05  -999.  -999.  -999.  -999.  -999.  -999.  -999.  -999.  -999.
2017.  -999.  -999.  -999.  -999.  -999.  -999.  -999.  -999.  -999.  -999.  -999.  -999.
2018.  -999.  -999.  -999.  -999.  -999.  -999.  -999.  -999.  -999.  -999.  -999.  -999.
2019.  -999.  -999.  -999.  -999.  -999.  -999.  -999.  -999.  -999.  -999.  -999.  -999.
2020.  -999.  -999.  -999.  -999.  -999.  -999.  -999.  -999.  -999.  -999.  -999.  -999.
2021.  -999.  -999.  -999.  -999.  -999.  -999.  -999.  -999.  -999.  -999.  -999.  -999.